0 0.3015625 0.69375 0.0390625 0.04375
0 0.296875 0.76171875 0.0484375 0.0390625
0 0.36640625 0.696875 0.0390625 0.0578125
0 0.37890625 0.775 0.0390625 0.0578125
0 0.4328125 0.703125 0.0484375 0.0875
0 0.5171875 0.7046875 0.028125 0.0390625
0 0.5921875 0.7453125 0.03125 0.1078125
1 0.18125 0.3328125 0.3265625 0.6421875
1 0.49140625 0.18359375 0.2015625 0.2890625
1 0.5890625 0.4390625 0.2265625 0.321875
1 0.796875 0.19140625 0.2140625 0.3171875
1 0.8734375 0.39296875 0.2265625 0.2984375
1 0.9390625 0.64921875 0.0921875 0.1328125