0 0.12890625 0.790625 0.15625 0.1078125
0 0.2515625 0.5328125 0.09375 0.103125
0 0.54296875 0.6765625 0.0875 0.1390625
0 0.4203125 0.75234375 0.040625 0.053125
0 0.69609375 0.78359375 0.0625 0.0609375
0 0.35078125 0.42890625 0.0359375 0.0515625
1 0.1625 0.18515625 0.3203125 0.3703125
1 0.11328125 0.53828125 0.18125 0.315625
1 0.30625 0.72109375 0.2 0.271875
1 0.490625 0.19375 0.3484375 0.3875
1 0.7765625 0.6625 0.1640625 0.2640625
1 0.65 0.74765625 0.6609375 0.74296875 0.6625 0.72109375 0.6765625 0.70078125 0.6765625 0.45390625 0.67421875 0.434375 0.6734375 0.45234375 0.6671875 0.45234375 0.6671875 0.42734375 0.6625 0.42421875 0.6671875 0.42109375 0.65703125 0.415625 0.59140625 0.4140625 0.39765625 0.415625 0.3921875 0.57734375 0.409375 0.58828125 0.4125 0.68671875 0.4484375 0.69140625 0.4515625 0.74453125 0.49140625 0.746875 0.4984375 0.74140625 0.5015625 0.57109375 0.50859375 0.565625 0.54296875 0.565625 0.5515625 0.57109375 0.55546875 0.6046875 0.58671875 0.6046875 0.59375 0.61328125 0.5921875 0.74140625 0.59921875 0.746875