0 0.584375 0.63359375 0.0703125 0.0796875
0 0.66796875 0.63671875 0.053125 0.0609375
0 0.7796875 0.66953125 0.028125 0.05625
0 0.85703125 0.73203125 0.0453125 0.04375
1 0.11640625 0.25625 0.2234375 0.4859375
1 0.24140625 0.6671875 0.075 0.0671875
1 0.06015625 0.615625 0.1078125 0.1328125
1 0.29453125 0.3890625 0.115625 0.18125
1 0.46875 0.1734375 0.071875 0.2265625
1 0.42890625 0.4328125 0.0984375 0.1234375
1 0.65859375 0.359375 0.125 0.2234375
1 0.33565625 0.13774999999999998 0.147078125 0.196609375
1 0.532734375 0.389140625 0.062734375 0.14360937499999998