0 0.81015625 0.27890625 0.30625 0.3828125
0 0.77265625 0.83046875 0.2359375 0.228125
0 0.70078125 0.5515625 0.059375 0.1171875
0 0.96171875 0.5640625 0.0453125 0.0828125
0 0.63125 0.640625 0.05625 0.125
0 0.3265625 0.56953125 0.0390625 0.1515625
0 0.45703125 0.5375 0.084375 0.053125
0 0.51171875 0.5984375 0.0515625 0.090625
0 0.578125 0.58203125 0.040625 0.0921875
0 0.3078125 0.4421875 0.0765625 0.084375
1 0.165625 0.17421875 0.29375 0.3265625
1 0.7921875 0.68046875 0.084375 0.1765625
1 0.375 0.8171875 0.0765625 0.1296875
1 0.1203125 0.50234375 0.075 0.2515625
1 0.7546875 0.06875 0.253125 0.10625
1 0.48525 0.159046875 0.278296875 0.11026562499999999
1 0.52840625 0.8282812500000001 0.18884375 0.0909375