0 0.17421875 0.65 0.271875 0.315625
0 0.09609375 0.40234375 0.1859375 0.1859375
0 0.240625 0.3859375 0.0671875 0.09375
0 0.41328125 0.3859375 0.071875 0.075
0 0.5046875 0.359375 0.0984375 0.1296875
0 0.6078125 0.3953125 0.059375 0.0859375
0 0.67421875 0.39453125 0.0625 0.084375
0 0.75 0.41796875 0.084375 0.09375
0 0.8296875 0.41953125 0.053125 0.084375
0 0.8890625 0.4234375 0.034375 0.0609375
0 0.93125 0.43515625 0.021875 0.0390625
1 0.46484375 0.2390625 0.09375 0.15625
1 0.6296875 0.26796875 0.09375 0.125