1 0.584375 0.56484375 0.04375 0.0828125
0 0.7125 0.5921875 0.0828125 0.05625
0 0.4015625 0.5984375 0.03125 0.0546875
0 0.125 0.59375 0.0296875 0.0515625
1 0.16796875 0.5046875 0.1078125 0.1234375
1 0.36796875 0.46171875 0.25 0.2125
1 0.52421875 0.540625 0.0921875 0.0828125
1 0.65390625 0.5296875 0.115625 0.1390625
1 0.57421875 0.37890625 0.0875 0.1296875
1 0.71021875 0.15553125 0.493859375 0.286078125
1 0.19834374999999999 0.246359375 0.395921875 0.18257812499999998
1 0.8330624999999999 0.461625 0.179421875 0.236546875