0 0.0484375 0.6984375 0.0359375 0.0578125
0 0.1046875 0.69140625 0.04375 0.075
0 0.23828125 0.7765625 0.1390625 0.28125
0 0.334375 0.69921875 0.0828125 0.0578125
0 0.43046875 0.7296875 0.1296875 0.2359375
0 0.54921875 0.6828125 0.0359375 0.0984375
0 0.58515625 0.709375 0.0265625 0.0625
0 0.6296875 0.68515625 0.10625 0.2515625
0 0.8453125 0.70703125 0.1453125 0.1140625
0 0.93984375 0.725 0.0671875 0.075
1 0.19609375 0.46640625 0.1625 0.3015625
1 0.18125 0.14296875 0.16875 0.2484375
1 0.35546875 0.0828125 0.1203125 0.1296875
1 0.4046875 0.45703125 0.1421875 0.28125
1 0.6078125 0.29921875 0.128125 0.5265625
1 0.8125 0.3234375 0.1828125 0.584375
1 0.0453125 0.21015625 0.0578125 0.165625
0 0.3890625 0.21171875 0.065625 0.09375