0 0.07109375 0.26796875 0.0828125 0.115625
0 0.24296875 0.33984375 0.040625 0.0625
0 0.3015625 0.15 0.0390625 0.05625
0 0.35546875 0.6359375 0.0609375 0.0796875
0 0.55078125 0.41484375 0.0625 0.075
0 0.615625 0.26171875 0.0203125 0.025
0 0.51328125 0.27890625 0.0484375 0.0828125
0 0.6875 0.49765625 0.040625 0.0796875
0 0.7609375 0.44609375 0.0546875 0.0890625
0 0.796875 0.625 0.0296875 0.05625
0 0.828125 0.7671875 0.0515625 0.0625
0 0.74375 0.93515625 0.0765625 0.096875
0 0.65 0.93359375 0.075 0.0671875
0 0.5671875 0.95703125 0.028125 0.034375
0 0.45546875 0.946875 0.071875 0.0578125
0 0.25390625 0.93984375 0.1109375 0.0484375
0 0.01953125 0.93046875 0.0390625 0.0484375
1 0.89921875 0.17421875 0.0625 0.21875
1 0.821875 0.303125 0.1015625 0.2546875
1 0.6703125 0.178125 0.0703125 0.290625
1 0.603125 0.1453125 0.04375 0.1875
1 0.50859375 0.13203125 0.065625 0.209375
1 0.3734375 0.2796875 0.084375 0.2234375
1 0.2703125 0.13984375 0.1265625 0.2703125
1 0.0796875 0.1203125 0.11875 0.2140625