0 0.078125 0.68984375 0.071875 0.0515625
0 0.24609375 0.71640625 0.159375 0.121875
0 0.3890625 0.771875 0.084375 0.0703125
0 0.509375 0.8109375 0.075 0.0703125
0 0.5890625 0.853125 0.0578125 0.084375
0 0.65 0.9265625 0.059375 0.071875
0 0.44140625 0.94375 0.0359375 0.0265625
1 0.47734375 0.5984375 0.221875 0.3015625
1 0.671875 0.775 0.1328125 0.075
1 0.81953125 0.8171875 0.1078125 0.115625
1 0.22578125 0.32109375 0.3703125 0.6078125
1 0.52734375 0.12890625 0.159375 0.2390625
1 0.8015625 0.1515625 0.2890625 0.2484375