0 0.01171875 0.34765625 0.021875 0.0765625
0 0.08203125 0.27890625 0.0984375 0.1890625
0 0.22109375 0.3234375 0.128125 0.2015625
0 0.20546875 0.47734375 0.090625 0.05625
0 0.3640625 0.53828125 0.196875 0.1765625
0 0.6265625 0.61796875 0.23125 0.215625
0 0.8640625 0.4796875 0.2484375 0.3609375
0 0.47734375 0.41484375 0.2984375 0.1234375
0 0.53515625 0.47734375 0.05625 0.0359375
0 0.32421875 0.296875 0.075 0.0890625
0 0.56875 0.25859375 0.2046875 0.146875
1 0.10703125 0.10546875 0.1421875 0.1875
1 0.5453125 0.14296875 0.103125 0.125
1 0.321 0.11881250000000002 0.23496875 0.178234375